207 207 207 207 207 207 207 207 207 219 207 207 207 207 207 207 207 219 207 207
207 207 207 207 207 207 207 207 207 207 207 207 207 207 207 207 207 207 207 207
207 207 207 207 207 207 207 207 207 207 207 207 207 207 207 229 207 207 207 207
229 207 207 207 207 207 207 229 207 207 207 207 207 207 207 207 229 207 207 207
207 207 207 207 207 207 207 207 207 207 207 219 207 229 207 207 207 207 207 207
207 207 207 207 207 207 207 207 207 207 207 207 207 207 207 207 207 207 207 207
207 207 207 207 207 207 207 207 207 207 207 207 207 207 207 207 207 207 229 207
207 207 207 207 207 207 229 207 207 207 207 207 207 207 207 207 207 207 207 207
207 207 207 207 207 207 207 207 207 207 207 207 207 207 207 207 207 207 207 207
207 229 207 207 207 207 207 207 207 207 207 229 207 207 207 207 219 207 207 207
207 207 207 207 207 207 207 207 207 207 207 207 207 207 207 207 207 207 207 229
207 207 207 207 207 207 207 229 207 207 207 207 207 229 207 207 207 207 207 207
207 207 229 207 207 219 207 207 207 229 207 207 207 207 207 207 207 207 207 207
207 207 207 207 207 207 207 207 207 207 207 207 207 207 207 207 207 207 207 207
219 207 207 207 207 207 207 207 207 207 207 207 207 207 207 207 207 207 207 207
207 207 207 207 207 207 207 207 207 229 207 207 207 207 207 207 207 207 207 207
207 207 207 207 207 207 207 207 207 207 207 207 207 207 207 207 229 207 207 207
207 207 229 207 207 207 207 207 207 207 207 207 207 207 207 207 207 207 207 207
207 207 207 207 207 207 207 219 207 207 207 207 207 207 207 207 207 207 207 207
207 207 207 207 207 207 207 207 207 207 207 207 207 207 207 207 207 207 207 207
207 207 207 207 207 207 207 207 207 207 207 207 207 229 207 207 207 207 207 207
229 207 207 207 207 207 207 207 207 229 207 207 207 207 207 219 207 207 207 207
207 207 207 207 207 207 207 207 207 207 207 229 207 207 207 207 229 207 229 207
207 207 207 207 207 207 207 207 207 207 207 207 207 207 207 207 207 207 207 207
207 207 229 207 207 207 207 207 207 207 207 207 207 207 207 207 207 207 207 207
235 207 207 207 207 207 229 207 207 207 207 207 207 207 207 207 219 207 207 207
207 207 207 207 207 207 207 229 207 207 207 207 207 207 207 207 207 207 207 207
207 207 207 207 207 207 207 207 207 207 207 207 207 207 207 207 207 207 207 207
207 207 207 207 207 207 207 207 207 229 207 207 229 207 207 207 207 229 207 207
207 207 207 207 207 207 207 207 207 207 207 207 207 207 207 207 207 207 207 207